X,Y,Z,A,T,S
-0.04,0.99,-0.06,0.00,0.00,0
-0.03,1.00,-0.02,0.00,0.00,0
-0.04,0.98,-0.00,0.00,0.00,0
-0.00,0.97,-0.03,0.00,0.00,0
-0.02,1.01,-0.03,0.01,0.01,0
-0.08,1.05,0.02,0.03,0.02,0
-0.07,0.98,0.12,0.01,0.03,1
-0.09,0.94,0.29,0.01,0.02,1
-0.06,0.85,0.34,0.00,0.02,1
-0.00,0.79,0.34,0.00,0.02,1
-0.01,0.89,0.39,0.00,0.02,1
-0.07,0.81,0.39,0.00,0.02,1
-0.02,0.91,0.55,0.00,0.02,1
-0.06,0.92,-0.03,0.00,0.02,1
-0.32,0.96,-0.19,0.00,0.01,1
-0.13,0.99,-0.05,0.00,0.01,1
-0.11,0.97,-0.06,0.00,0.01,1
-0.21,1.00,-0.02,0.00,0.01,1
-0.21,0.98,-0.10,0.00,0.01,1
-0.23,1.16,-0.13,0.08,0.02,1
-0.15,1.05,-0.08,0.06,0.03,1
0.00,1.06,0.04,0.06,0.04,1
-0.10,0.85,0.14,0.03,0.04,2
0.04,0.74,0.19,0.02,0.05,2
-0.12,0.84,0.37,0.01,0.04,2
-0.13,1.08,0.60,0.04,0.05,2
-0.02,0.86,-0.32,0.02,0.05,2
-0.25,1.10,-0.26,0.06,0.06,2
-0.22,0.89,-0.13,0.03,0.06,3
-0.13,0.97,-0.05,0.02,0.06,3
-0.13,0.95,-0.10,0.01,0.06,3
-0.10,0.97,-0.14,0.00,0.05,3
-0.27,1.31,-0.16,0.15,0.07,3
0.09,0.73,0.01,0.08,0.07,3
-0.11,1.28,0.16,0.18,0.09,3
-0.06,0.76,0.21,0.09,0.10,4
-0.03,0.73,0.22,0.04,0.10,4
-0.11,0.92,0.42,0.02,0.10,4
-0.05,0.95,0.56,0.01,0.09,4
0.01,0.73,-0.23,0.01,0.09,4
-0.34,0.95,-0.19,0.00,0.09,4
-0.12,0.97,-0.09,0.00,0.09,4
-0.11,0.99,-0.13,0.00,0.09,4
-0.15,0.96,-0.03,0.00,0.08,4
-0.23,0.92,-0.13,0.00,0.08,4
-0.25,1.00,-0.08,0.00,0.08,4
-0.28,1.19,-0.04,0.10,0.09,4
-0.06,0.93,-0.07,0.05,0.09,5
-0.06,1.31,0.20,0.18,0.10,5
-0.07,0.70,0.13,0.09,0.10,6
-0.05,0.71,0.29,0.04,0.10,6
-0.17,0.95,0.46,0.02,0.10,6
0.09,1.18,0.52,0.10,0.11,6
-0.08,0.73,-0.40,0.05,0.11,6
-0.32,0.96,-0.20,0.03,0.11,6
-0.17,0.93,-0.07,0.01,0.11,6
-0.12,0.98,-0.08,0.01,0.11,6
-0.16,0.97,-0.10,0.00,0.10,6
-0.08,0.95,-0.11,0.00,0.10,6
-0.03,1.03,-0.14,0.02,0.10,6
-0.06,0.93,-0.23,0.01,0.10,6
0.06,1.02,-0.14,0.01,0.10,6
-0.03,0.96,-0.15,0.01,0.10,6
0.03,0.97,-0.14,0.00,0.10,6
-0.01,0.98,-0.13,0.00,0.09,6
-0.00,0.98,-0.11,0.00,0.09,6
-0.01,0.98,-0.12,0.00,0.09,6
-0.02,0.98,-0.16,0.00,0.09,6
-0.02,0.99,-0.14,0.00,0.09,6
-0.03,0.98,-0.11,0.00,0.09,6
-0.01,0.99,-0.10,0.00,0.09,6
-0.01,0.99,-0.08,0.00,0.09,6
-0.07,1.01,-0.02,0.01,0.08,6
-0.06,0.95,-0.02,0.00,0.08,6
-0.03,1.02,0.12,0.01,0.08,6
-0.07,0.96,0.22,0.01,0.08,6
-0.03,0.94,0.25,0.00,0.08,6
-0.02,0.86,0.33,0.00,0.08,6
-0.03,0.84,0.38,0.00,0.08,6
-0.02,0.84,0.39,0.00,0.08,6
-0.10,0.86,0.52,0.00,0.08,6
0.12,1.30,0.47,0.15,0.08,6
0.18,0.61,-0.09,0.08,0.08,7
-0.10,1.07,-0.13,0.07,0.09,7
-0.10,0.94,-0.11,0.04,0.09,7
-0.19,0.93,-0.09,0.02,0.09,7
-0.14,0.97,-0.07,0.01,0.09,7
-0.10,1.02,-0.15,0.01,0.09,7
-0.24,1.16,-0.06,0.09,0.09,7
-0.11,1.01,-0.15,0.05,0.09,7
0.06,1.23,0.09,0.14,0.09,7
-0.08,0.81,0.16,0.07,0.09,8
-0.07,0.84,0.25,0.03,0.09,8
-0.06,0.86,0.34,0.02,0.09,8
-0.10,0.87,0.41,0.01,0.09,8
0.04,1.21,0.30,0.11,0.10,8
0.27,0.68,-0.13,0.06,0.10,9
-0.28,0.97,-0.23,0.03,0.10,9
-0.10,1.01,-0.11,0.02,0.10,9
-0.17,0.99,-0.15,0.01,0.10,9
-0.17,0.96,-0.16,0.00,0.10,9
-0.14,0.95,-0.16,0.00,0.09,9
-0.32,1.09,-0.11,0.05,0.10,9
-0.10,0.96,-0.13,0.02,0.09,9
0.04,1.09,-0.05,0.06,0.10,9
-0.17,0.95,0.07,0.03,0.10,9
-0.06,0.82,0.26,0.01,0.10,9
-0.06,0.76,0.31,0.01,0.09,9
-0.26,1.07,0.55,0.04,0.09,9
0.07,1.38,0.22,0.21,0.10,9
0.31,0.68,-0.06,0.11,0.10,9
-0.27,1.04,-0.16,0.07,0.10,10
-0.15,0.93,-0.09,0.04,0.10,10
-0.14,0.94,-0.09,0.02,0.10,10
-0.20,0.93,-0.11,0.01,0.10,10
-0.17,0.97,-0.17,0.00,0.10,10
-0.20,1.07,-0.21,0.03,0.10,10
-0.22,1.14,-0.06,0.09,0.10,10
0.14,0.85,0.03,0.04,0.10,10
-0.18,0.98,0.11,0.02,0.10,10
-0.04,0.71,0.26,0.01,0.10,10
0.01,0.75,0.28,0.01,0.10,10
-0.22,1.03,0.49,0.02,0.10,10
0.09,1.18,0.34,0.10,0.10,10
0.12,0.59,-0.29,0.05,0.10,10
-0.30,1.08,-0.23,0.06,0.11,10
-0.15,0.90,-0.09,0.03,0.11,10
-0.17,0.91,-0.10,0.02,0.11,10
-0.10,1.01,-0.11,0.01,0.10,10
-0.14,1.00,-0.17,0.01,0.10,10
-0.27,1.23,-0.07,0.12,0.11,10
0.02,0.88,-0.13,0.06,0.11,11
-0.02,1.26,0.09,0.16,0.11,11
-0.06,0.79,0.13,0.08,0.11,12
-0.02,0.81,0.23,0.04,0.11,12
-0.03,0.84,0.29,0.02,0.11,12
-0.19,0.99,0.48,0.01,0.11,12
0.06,1.17,0.41,0.09,0.11,12
0.17,0.63,-0.14,0.05,0.11,12
-0.07,1.02,-0.24,0.03,0.11,12
-0.12,0.94,-0.10,0.02,0.11,12
-0.12,0.97,-0.11,0.01,0.11,12
-0.11,1.00,-0.08,0.00,0.11,12
-0.16,0.98,-0.22,0.00,0.11,12
-0.00,0.96,-0.23,0.00,0.11,12
0.03,1.05,-0.12,0.03,0.11,12
0.03,1.01,-0.14,0.02,0.11,12
0.03,0.96,-0.12,0.01,0.11,12
0.01,0.97,-0.12,0.01,0.11,12
0.01,0.98,-0.12,0.00,0.11,12
0.01,0.98,-0.13,0.00,0.11,12
0.02,0.98,-0.14,0.00,0.11,12
0.01,0.98,-0.13,0.00,0.10,12
0.01,0.97,-0.13,0.00,0.10,12
-0.00,0.98,-0.13,0.00,0.10,12
-0.00,0.99,-0.13,0.00,0.10,12
-0.01,0.97,-0.12,0.00,0.10,12
0.00,0.98,-0.12,0.00,0.10,12
0.02,0.98,-0.12,0.00,0.10,12
-0.01,0.99,-0.11,0.00,0.10,12
0.01,0.98,-0.10,0.00,0.10,12
-0.02,0.97,-0.08,0.00,0.10,12
-0.00,1.02,-0.07,0.01,0.10,12
0.01,1.02,-0.00,0.02,0.10,12
-0.04,0.97,0.11,0.01,0.10,12
-0.00,1.00,0.23,0.01,0.10,12
-0.08,0.95,0.24,0.00,0.10,12
-0.08,0.84,0.33,0.00,0.10,12
-0.09,0.84,0.36,0.00,0.10,12
-0.06,0.88,0.42,0.00,0.10,12
-0.02,0.87,0.42,0.00,0.09,12
-0.02,0.92,0.49,0.00,0.09,12
-0.02,1.30,0.29,0.15,0.10,12
0.11,0.82,0.01,0.07,0.10,13
-0.25,0.94,-0.14,0.04,0.10,13
-0.11,0.96,-0.11,0.02,0.10,13
-0.25,0.91,-0.12,0.01,0.10,13
-0.11,0.96,-0.11,0.00,0.10,13
-0.16,0.99,-0.14,0.00,0.10,13
-0.16,1.01,-0.10,0.01,0.10,13
-0.30,1.13,-0.12,0.07,0.10,13
0.06,0.86,-0.09,0.04,0.10,13
-0.04,1.23,0.06,0.13,0.10,13
-0.12,0.82,0.17,0.07,0.10,14
0.01,0.79,0.24,0.03,0.10,14
-0.03,0.78,0.33,0.02,0.10,14
-0.18,0.97,0.50,0.01,0.10,14
0.21,1.69,0.54,0.35,0.10,14
0.28,0.66,-0.11,0.17,0.11,14
-0.13,0.98,-0.19,0.09,0.11,15
-0.15,0.95,-0.10,0.04,0.11,15
-0.17,0.93,-0.10,0.02,0.11,15
-0.14,0.95,-0.13,0.01,0.11,15
-0.18,0.96,-0.15,0.01,0.11,15
-0.26,1.04,-0.14,0.02,0.11,15
-0.16,1.16,-0.12,0.09,0.11,15
0.15,1.01,0.04,0.05,0.11,15
-0.07,0.98,0.09,0.02,0.11,15
-0.05,0.86,0.22,0.01,0.11,15
0.01,0.76,0.25,0.01,0.11,15
-0.06,0.97,0.40,0.00,0.11,15
-0.16,0.83,0.46,0.00,0.11,15
-0.08,1.17,0.14,0.09,0.11,15
-0.08,0.90,0.01,0.04,0.11,15
-0.07,0.89,-0.12,0.02,0.11,15
-0.10,0.96,-0.11,0.01,0.11,15
-0.16,0.94,-0.07,0.01,0.11,15
-0.14,0.97,-0.13,0.00,0.11,15
-0.14,1.02,-0.15,0.01,0.11,15
-0.24,1.23,-0.16,0.12,0.11,15
0.02,0.78,-0.15,0.06,0.11,16
-0.10,1.16,0.00,0.11,0.11,16
-0.08,0.83,0.09,0.06,0.11,17
-0.07,0.86,0.21,0.03,0.11,17
-0.04,0.81,0.26,0.01,0.11,17
-0.15,0.99,0.39,0.01,0.11,17
-0.07,0.83,0.41,0.00,0.11,17
-0.10,1.01,0.10,0.01,0.11,17
0.05,0.80,-0.04,0.00,0.11,17
-0.07,0.92,-0.17,0.00,0.11,17
-0.14,0.94,-0.14,0.00,0.11,17
-0.14,0.93,-0.08,0.00,0.11,17
-0.12,0.94,-0.11,0.00,0.10,17
-0.12,1.02,-0.15,0.01,0.10,17
-0.30,1.01,-0.14,0.01,0.10,17
-0.20,1.18,-0.14,0.10,0.11,17
0.22,0.91,0.02,0.05,0.11,17
-0.17,0.97,0.12,0.02,0.11,17
0.01,0.87,0.16,0.01,0.11,17
-0.02,0.84,0.21,0.01,0.10,17
-0.05,0.89,0.27,0.00,0.10,17
-0.18,1.01,0.38,0.01,0.10,17
-0.06,0.99,0.35,0.00,0.10,17
-0.07,0.72,-0.15,0.00,0.10,17
-0.36,1.10,-0.10,0.05,0.10,17
-0.18,0.86,-0.15,0.02,0.10,17
-0.05,1.06,-0.06,0.04,0.10,17
-0.13,0.97,-0.13,0.02,0.10,17
-0.04,1.01,-0.04,0.01,0.10,17
-0.05,0.96,-0.13,0.01,0.10,17
-0.03,0.93,-0.14,0.00,0.10,17
0.01,0.87,-0.18,0.00,0.10,17
0.04,1.07,-0.13,0.04,0.10,17
0.03,0.99,-0.09,0.02,0.10,17
-0.01,0.96,-0.11,0.01,0.10,17
0.00,1.00,-0.10,0.00,0.10,17
-0.03,0.98,-0.09,0.00,0.10,17
-0.01,0.98,-0.10,0.00,0.10,17
-0.02,0.99,-0.11,0.00,0.10,17
-0.02,0.98,-0.11,0.00,0.10,17
-0.01,0.98,-0.11,0.00,0.10,17
-0.01,0.98,-0.11,0.00,0.10,17
-0.02,0.99,-0.12,0.00,0.10,17
-0.02,0.98,-0.12,0.00,0.10,17
-0.00,0.99,-0.12,0.00,0.10,17
-0.03,0.98,-0.10,0.00,0.10,17
-0.05,0.98,-0.10,0.00,0.10,17
-0.06,0.97,-0.09,0.00,0.10,17
-0.05,0.98,-0.09,0.00,0.10,17
-0.05,1.02,-0.05,0.01,0.10,17
-0.06,1.00,0.02,0.01,0.10,17
-0.03,1.01,0.16,0.01,0.10,17
-0.17,1.01,0.21,0.01,0.10,17
-0.01,0.94,0.27,0.01,0.09,17
-0.00,0.88,0.32,0.00,0.09,17
-0.01,0.80,0.32,0.00,0.09,17
-0.10,0.95,0.42,0.00,0.09,17
-0.11,0.86,0.46,0.00,0.09,17
0.10,1.27,0.35,0.13,0.09,17
0.08,0.66,0.04,0.07,0.10,18
-0.14,1.02,-0.12,0.04,0.10,18
-0.08,1.00,-0.09,0.02,0.10,18
-0.14,0.95,-0.13,0.01,0.10,18
-0.20,0.97,-0.08,0.01,0.09,18
-0.18,0.94,-0.16,0.00,0.09,18
-0.15,0.98,-0.16,0.00,0.09,18
-0.19,1.07,-0.11,0.04,0.09,18
-0.15,1.10,-0.13,0.07,0.09,18
0.12,0.91,-0.01,0.03,0.09,18
-0.07,0.95,0.10,0.02,0.09,18
-0.06,0.87,0.25,0.01,0.09,18
-0.01,0.75,0.18,0.00,0.09,18
-0.06,0.93,0.35,0.00,0.09,18
-0.12,0.95,0.49,0.00,0.09,18
0.10,1.81,0.02,0.41,0.10,18
0.10,0.77,-0.02,0.20,0.10,18
-0.14,0.95,-0.12,0.10,0.10,18
-0.16,0.90,-0.10,0.05,0.10,19
-0.19,0.90,-0.11,0.03,0.10,19
-0.13,0.95,-0.13,0.01,0.10,19
-0.11,1.00,-0.17,0.01,0.10,19
-0.24,0.99,-0.07,0.00,0.10,19
-0.22,1.25,-0.16,0.13,0.10,19
0.17,0.90,-0.01,0.06,0.10,20
-0.15,1.02,0.11,0.04,0.10,20
-0.15,0.87,0.13,0.02,0.10,20
-0.09,0.71,0.25,0.01,0.10,20
0.03,0.96,0.32,0.01,0.10,20
-0.16,0.87,0.46,0.00,0.10,20
0.06,1.93,0.12,0.47,0.11,20
0.11,0.73,-0.06,0.23,0.11,20
-0.03,0.93,-0.13,0.12,0.11,20
-0.17,0.95,-0.12,0.06,0.11,21
-0.16,0.91,-0.10,0.03,0.11,21
-0.11,0.94,-0.13,0.01,0.11,21
-0.14,1.01,-0.19,0.01,0.11,21
-0.35,1.04,-0.17,0.03,0.11,21
-0.16,1.13,-0.17,0.08,0.11,21
0.23,1.07,-0.01,0.08,0.11,21
-0.17,0.87,0.12,0.04,0.11,21
-0.03,0.83,0.25,0.02,0.11,21
-0.01,0.74,0.24,0.01,0.11,21
-0.16,1.10,0.35,0.05,0.11,21
0.03,0.73,0.38,0.03,0.11,21
-0.13,0.86,0.10,0.01,0.11,21
-0.13,1.04,-0.05,0.03,0.11,21
-0.14,0.90,-0.08,0.01,0.11,21
-0.18,0.94,-0.09,0.01,0.11,21
-0.11,0.94,-0.10,0.00,0.11,21
-0.18,0.92,-0.11,0.00,0.11,21
-0.17,1.02,-0.13,0.01,0.11,21
-0.32,1.29,-0.14,0.15,0.11,21
0.08,0.85,-0.12,0.07,0.11,22
-0.23,1.30,0.05,0.19,0.11,22
-0.03,0.80,0.06,0.09,0.11,23
-0.05,0.86,0.21,0.05,0.11,23
-0.03,0.75,0.27,0.02,0.11,23
-0.18,1.02,0.42,0.02,0.11,23
-0.06,1.30,0.20,0.16,0.11,23
0.17,0.37,-0.25,0.08,0.11,24
-0.29,1.14,-0.19,0.11,0.11,24
-0.23,1.00,-0.01,0.05,0.11,24
-0.08,1.01,-0.10,0.03,0.11,24
-0.04,1.01,-0.11,0.02,0.11,24
-0.05,0.91,-0.17,0.01,0.11,24
-0.02,1.05,-0.18,0.03,0.11,24
-0.02,0.95,-0.12,0.01,0.11,24
0.03,1.03,-0.19,0.02,0.11,24
0.00,0.99,-0.10,0.01,0.11,24
0.01,0.94,-0.15,0.01,0.11,24
0.02,1.00,-0.15,0.00,0.11,24
0.01,0.97,-0.15,0.00,0.11,24
-0.00,0.99,-0.13,0.00,0.11,24
0.00,0.98,-0.14,0.00,0.11,24
-0.01,0.98,-0.13,0.00,0.11,24
-0.02,0.98,-0.12,0.00,0.11,24
-0.02,0.98,-0.12,0.00,0.11,24
-0.01,0.98,-0.10,0.00,0.11,24
-0.01,0.99,-0.11,0.00,0.11,24
0.00,0.99,-0.09,0.00,0.11,24
-0.03,0.98,-0.07,0.00,0.11,24
-0.02,1.03,-0.03,0.01,0.11,24
-0.03,0.99,0.06,0.01,0.11,24
-0.10,1.04,0.20,0.02,0.11,24
-0.10,0.90,0.29,0.01,0.11,24
-0.07,0.87,0.33,0.01,0.11,24
-0.10,0.89,0.40,0.00,0.11,24
-0.02,0.81,0.40,0.00,0.11,24
-0.12,0.91,0.41,0.00,0.11,24
-0.13,1.09,0.43,0.05,0.11,24
-0.08,0.71,0.06,0.02,0.11,24
-0.26,1.04,-0.08,0.03,0.11,24
-0.02,0.94,-0.08,0.02,0.11,24
-0.23,0.99,-0.07,0.01,0.11,24
-0.13,0.94,-0.09,0.00,0.11,24
-0.15,0.95,-0.12,0.00,0.11,24
-0.13,0.98,-0.19,0.00,0.11,24
-0.27,1.27,-0.24,0.14,0.11,24
-0.03,0.85,-0.08,0.07,0.11,25
0.24,1.24,0.11,0.15,0.11,25
-0.16,0.90,0.19,0.08,0.11,26
-0.02,0.88,0.28,0.04,0.11,26
-0.04,0.74,0.29,0.02,0.11,26
-0.08,1.05,0.45,0.04,0.11,26
-0.02,0.84,0.50,0.02,0.11,26
-0.08,1.36,0.01,0.19,0.11,26
-0.15,0.97,0.00,0.09,0.11,27
-0.03,0.91,-0.08,0.05,0.11,27
-0.27,0.99,-0.16,0.02,0.11,27
-0.13,0.98,-0.12,0.01,0.11,27
-0.24,0.94,-0.16,0.01,0.11,27
-0.12,1.04,-0.18,0.02,0.11,27
-0.26,1.22,-0.20,0.12,0.11,27
0.10,1.02,-0.08,0.07,0.11,28
0.10,1.20,0.06,0.14,0.11,28
-0.03,0.87,0.15,0.07,0.11,29
-0.15,0.78,0.30,0.03,0.11,29
0.03,0.73,0.30,0.02,0.11,29
-0.12,1.01,0.49,0.01,0.11,29
0.10,1.24,0.40,0.13,0.11,29
-0.06,0.76,-0.14,0.06,0.11,30
-0.32,1.06,-0.21,0.06,0.11,30
-0.11,0.97,-0.14,0.03,0.11,30
-0.25,0.94,-0.16,0.02,0.11,30
-0.17,0.99,-0.18,0.01,0.11,30
-0.18,0.91,-0.10,0.00,0.11,30
-0.17,1.02,-0.13,0.01,0.11,30
-0.37,1.22,-0.23,0.12,0.11,30
0.21,0.84,-0.08,0.06,0.11,31
-0.21,1.13,0.17,0.10,0.11,31
-0.01,0.85,0.13,0.05,0.11,31
-0.03,0.81,0.23,0.02,0.11,31
-0.03,0.82,0.27,0.01,0.11,31
-0.16,0.95,0.44,0.01,0.11,31
-0.04,1.16,0.28,0.08,0.11,31
0.10,0.70,-0.24,0.04,0.11,31
-0.37,1.06,-0.20,0.05,0.11,31
-0.14,0.98,-0.04,0.02,0.11,31
-0.11,1.00,-0.08,0.01,0.11,31
-0.11,0.99,-0.04,0.01,0.11,31
-0.15,0.96,-0.14,0.00,0.11,31
0.00,0.95,-0.14,0.00,0.11,31
-0.07,0.98,-0.10,0.00,0.11,31
-0.05,1.02,-0.16,0.01,0.11,31
0.02,0.97,-0.09,0.00,0.11,31
-0.05,0.97,-0.12,0.00,0.11,31
0.00,0.99,-0.11,0.00,0.11,31
-0.02,0.97,-0.12,0.00,0.11,31
-0.03,1.00,-0.11,0.00,0.11,31
-0.03,0.98,-0.10,0.00,0.11,31
-0.04,0.99,-0.11,0.00,0.11,31
-0.02,0.97,-0.11,0.00,0.11,31
-0.01,0.99,-0.09,0.00,0.11,31
-0.01,0.99,-0.07,0.00,0.11,31
0.02,1.04,-0.00,0.02,0.11,31
-0.04,0.99,0.08,0.01,0.11,31
-0.06,1.01,0.17,0.01,0.11,31
-0.04,0.91,0.30,0.01,0.11,31
-0.02,0.88,0.33,0.00,0.11,31
-0.03,0.86,0.37,0.00,0.11,31
-0.06,0.85,0.37,0.00,0.11,31
0.00,0.83,0.43,0.00,0.11,31
-0.05,0.86,0.47,0.00,0.11,31
-0.10,1.67,0.44,0.33,0.11,31
0.18,0.54,0.05,0.17,0.11,31
-0.20,1.11,-0.21,0.14,0.11,31
-0.05,1.00,-0.18,0.07,0.11,32
-0.11,0.93,-0.17,0.03,0.11,32
-0.13,1.02,-0.16,0.03,0.11,32
-0.18,0.90,-0.14,0.01,0.11,32
-0.20,1.05,-0.17,0.03,0.11,32
-0.32,1.20,-0.08,0.12,0.11,32
0.02,0.90,-0.14,0.06,0.11,33
0.07,1.44,0.12,0.25,0.12,33
-0.06,0.73,0.12,0.12,0.12,33
-0.03,0.84,0.23,0.06,0.12,34
-0.06,0.79,0.31,0.03,0.12,34
-0.20,1.01,0.47,0.02,0.12,34
0.02,1.29,0.35,0.15,0.12,34
0.19,0.56,-0.11,0.08,0.12,35
-0.21,1.05,-0.20,0.06,0.12,35
-0.21,0.94,-0.17,0.03,0.12,35
-0.16,0.93,-0.11,0.02,0.12,35
-0.08,0.97,-0.13,0.01,0.12,35
-0.16,1.00,-0.16,0.00,0.12,35
-0.26,1.03,-0.08,0.02,0.12,35
-0.08,1.22,-0.22,0.12,0.12,35
0.10,1.04,-0.05,0.08,0.12,36
-0.04,0.87,0.10,0.04,0.12,36
-0.06,0.85,0.24,0.02,0.12,36
-0.07,0.71,0.29,0.01,0.12,36
-0.19,1.08,0.48,0.04,0.12,36
0.04,1.36,0.21,0.20,0.12,36
0.20,0.64,-0.16,0.10,0.12,37
-0.34,0.98,-0.16,0.05,0.12,37
-0.00,1.08,-0.03,0.07,0.12,37
-0.21,0.98,-0.12,0.03,0.12,37
-0.12,0.97,-0.10,0.02,0.12,37
-0.23,0.93,-0.19,0.01,0.12,37
-0.13,1.01,-0.14,0.01,0.12,37
-0.32,1.21,-0.15,0.11,0.12,37
0.06,0.78,-0.04,0.05,0.12,37
-0.08,1.22,0.11,0.14,0.12,37
-0.02,0.77,0.13,0.07,0.12,38
-0.05,0.80,0.22,0.03,0.12,38
-0.04,0.82,0.29,0.02,0.12,38
-0.15,1.00,0.45,0.01,0.12,38
-0.03,2.01,0.14,0.51,0.12,38
-0.06,0.79,-0.10,0.25,0.12,38
0.03,1.01,-0.18,0.13,0.13,38
-0.09,0.94,-0.17,0.07,0.13,39
-0.09,1.00,-0.12,0.03,0.13,39
-0.20,0.97,-0.09,0.02,0.13,39
-0.03,1.01,-0.17,0.01,0.13,39
0.03,0.94,-0.12,0.01,0.13,39
-0.06,0.97,-0.06,0.00,0.12,39
0.08,1.05,-0.13,0.03,0.12,39
0.02,0.95,-0.10,0.01,0.12,39
0.02,0.99,-0.08,0.01,0.12,39
0.03,0.99,-0.09,0.00,0.12,39
0.03,0.97,-0.09,0.00,0.12,39
0.02,0.99,-0.08,0.00,0.12,39
0.02,0.98,-0.08,0.00,0.12,39
0.01,0.98,-0.11,0.00,0.12,39
0.01,0.99,-0.09,0.00,0.12,39
0.01,0.98,-0.08,0.00,0.12,39
0.01,0.98,-0.08,0.00,0.12,39
0.00,1.00,-0.07,0.00,0.12,39
0.02,0.98,-0.07,0.00,0.12,39
0.01,0.99,-0.06,0.00,0.12,39
0.01,0.99,-0.04,0.00,0.12,39
0.01,0.99,-0.04,0.00,0.12,39
-0.01,0.99,-0.02,0.00,0.12,39
0.00,0.98,-0.00,0.00,0.12,39
0.03,0.99,0.01,0.00,0.12,39
0.01,0.99,0.02,0.00,0.12,39
0.02,1.00,0.04,0.00,0.12,39
0.00,0.98,0.07,0.00,0.12,39
-0.01,1.04,0.12,0.02,0.12,39
0.00,0.96,0.13,0.01,0.12,39
-0.02,0.94,0.21,0.01,0.12,39
-0.08,0.93,0.18,0.00,0.12,39
-0.04,0.91,0.28,0.00,0.12,39
-0.12,0.95,0.35,0.00,0.12,39
-0.09,0.88,0.36,0.00,0.12,39
-0.07,0.81,0.37,0.00,0.12,39
-0.06,0.92,0.49,0.00,0.12,39
0.11,1.15,0.43,0.08,0.12,39
0.07,0.74,-0.24,0.04,0.12,39
-0.15,1.00,-0.27,0.02,0.12,39
-0.15,0.93,-0.14,0.01,0.12,39
-0.22,0.94,-0.10,0.00,0.12,39
-0.12,0.95,-0.12,0.00,0.12,39
-0.24,1.02,-0.13,0.01,0.12,39
-0.16,1.01,-0.14,0.01,0.12,39
-0.28,1.20,-0.22,0.10,0.12,39
0.12,0.80,-0.08,0.05,0.12,39
-0.23,1.15,0.13,0.10,0.12,39
-0.06,0.84,0.15,0.05,0.12,39
-0.07,0.81,0.22,0.03,0.12,39
-0.06,0.78,0.27,0.01,0.12,39
-0.18,1.03,0.43,0.02,0.12,39
0.08,1.14,0.44,0.08,0.12,39
-0.12,0.58,-0.17,0.04,0.12,39
-0.40,1.06,-0.27,0.05,0.12,39
-0.23,1.02,-0.13,0.03,0.12,39
-0.15,0.93,-0.11,0.02,0.12,39
-0.15,0.89,-0.17,0.01,0.12,39
-0.17,0.98,-0.20,0.00,0.12,39
-0.31,1.06,-0.19,0.03,0.12,39
-0.14,1.13,-0.17,0.08,0.12,39
0.20,1.01,0.03,0.04,0.12,39
-0.07,0.93,0.13,0.02,0.12,39
-0.06,0.85,0.25,0.01,0.12,39
-0.03,0.71,0.26,0.01,0.12,39
-0.12,1.01,0.38,0.01,0.12,39
-0.08,0.87,0.47,0.00,0.12,39
-0.03,1.19,0.10,0.10,0.12,39
-0.19,0.86,-0.12,0.05,0.12,39
0.00,0.97,-0.08,0.02,0.12,39
-0.17,0.95,-0.16,0.01,0.12,39
-0.14,0.94,-0.13,0.01,0.12,39
-0.20,0.98,-0.19,0.00,0.12,39
-0.22,1.03,-0.10,0.02,0.12,39
-0.18,1.13,-0.17,0.07,0.12,39
0.07,1.02,0.02,0.05,0.12,39
-0.05,0.85,0.10,0.02,0.12,39
-0.10,0.84,0.22,0.01,0.12,39
-0.02,0.76,0.24,0.01,0.12,39
-0.14,1.06,0.44,0.03,0.12,39
-0.04,0.91,0.49,0.02,0.12,39
-0.08,0.94,0.03,0.01,0.12,39
-0.42,1.03,-0.19,0.02,0.12,39
-0.10,0.97,-0.06,0.01,0.12,39
-0.22,0.95,-0.10,0.00,0.12,39
-0.11,0.96,-0.12,0.00,0.12,39
-0.23,1.00,-0.16,0.00,0.12,39
-0.20,1.12,-0.00,0.06,0.12,39
0.06,1.01,-0.11,0.04,0.12,39
-0.01,1.13,-0.07,0.08,0.12,39
-0.00,-0.02,0.36,0.04,0.12,39
-0.52,2.35,0.25,0.70,0.12,39
0.05,0.14,-0.03,0.35,0.12,39
-0.12,-0.07,0.08,0.17,0.12,39
-0.07,1.46,0.25,0.32,0.12,39
0.16,1.13,-0.15,0.22,0.13,39
-0.01,-0.16,0.12,0.11,0.13,40
-0.08,-0.08,0.02,0.06,0.13,40
0.07,4.00,1.45,1.53,0.13,40
0.14,0.60,0.11,0.76,0.14,40
0.07,-0.26,0.03,0.38,0.14,40
-0.11,0.20,0.11,0.19,0.14,40
0.40,2.05,0.29,0.62,0.15,40
-0.22,0.41,-0.04,0.31,0.15,40
0.17,-0.27,0.11,0.16,0.15,40
-0.87,4.00,1.25,1.58,0.16,40
-0.11,0.62,-0.07,0.79,0.16,40
-0.00,0.69,-0.00,0.39,0.16,40
-0.28,1.42,-0.01,0.40,0.16,40
-0.00,0.82,-0.13,0.20,0.17,40
-0.06,0.97,-0.05,0.10,0.17,41
-0.02,1.01,-0.09,0.06,0.17,41
-0.04,0.97,-0.09,0.03,0.17,41
-0.05,0.99,-0.14,0.01,0.17,41
-0.02,1.01,-0.07,0.01,0.16,41
-0.12,1.03,-0.06,0.02,0.16,41
-0.07,1.11,0.14,0.07,0.16,41
-0.04,0.85,0.28,0.03,0.16,41
0.01,0.81,0.30,0.02,0.16,41
0.01,0.79,0.32,0.01,0.16,41
-0.07,0.99,0.45,0.00,0.16,41
-0.02,1.01,0.33,0.01,0.16,41
