X,Y,Z,A,T,S
0,97,-9,0,0,0
-1,97,-9,0,0,0
1,99,-10,0,0,0
0,96,-8,0,0,0
-2,107,-7,3,0,0
-4,99,16,9,0,0
-42,82,19,16,1,0
3,85,22,23,3,0
-14,87,30,30,5,0
-26,87,40,36,8,0
-20,90,47,43,11,0
12,160,11,51,15,0
4,69,-17,43,17,0
-11,87,-13,29,18,0
-9,95,-7,16,17,0
-13,94,-11,0,15,0
-16,96,-13,-1,13,0
-27,104,-21,1,11,0
-22,122,-16,7,10,0
25,92,0,14,10,0
-16,98,3,17,10,0
-4,94,23,23,11,0
-4,62,24,25,12,0
-15,109,40,31,13,0
-1,102,60,45,16,0
0,86,-33,37,18,0
-36,108,-25,32,19,0
-14,89,-20,18,18,0
-20,96,-21,0,16,0
-27,94,-15,0,14,0
-20,98,-22,-2,12,0
-27,121,-20,5,11,0
19,87,0,10,10,0
-32,97,0,13,10,0
7,86,8,17,10,0
-15,73,22,19,10,0
-17,93,37,25,11,0
-26,96,56,39,13,0
8,90,-33,37,15,0
-36,106,-35,32,16,0
-21,94,-15,19,16,0
-23,87,-11,3,14,0
-18,91,-17,0,12,0
-19,102,-20,-1,10,0
-33,122,-23,5,9,0
28,91,-2,13,9,0
-29,102,8,18,9,0
3,81,9,22,10,0
-11,74,18,22,11,0
-28,96,34,26,12,0
-7,102,45,35,14,0
1,111,-18,34,16,0
-20,108,-25,30,17,0
-19,93,-21,18,17,0
-16,93,-12,4,15,8
-17,100,-19,1,13,8
-19,98,-17,0,11,8
-16,111,-20,3,10,8
0,92,-18,4,9,8
5,106,0,6,8,8
5,87,-3,7,7,8
-2,94,0,6,6,8
-6,95,5,9,6,8
-2,107,-5,9,6,8
-5,93,-11,7,6,8
-11,98,-7,6,6,10
-10,99,-13,3,5,10
-8,99,-10,1,4,10
-8,98,-12,1,3,10
-3,97,-13,1,2,10
-7,97,-13,0,1,10
-5,96,-11,0,0,10
-4,99,-9,0,0,10
-3,96,-7,0,0,10
-7,98,-6,1,0,10
-9,98,0,4,0,10
-8,100,4,6,0,10
-16,97,14,12,1,10
-9,96,15,17,2,10
-12,90,23,23,4,10
-19,82,30,29,6,10
-14,85,33,34,8,10
-28,98,44,41,11,10
-19,119,32,43,14,10
-1,80,-17,33,15,10
-18,107,-14,25,16,10
-13,94,-16,11,15,12
-22,95,-10,1,13,12
-21,93,-12,0,11,12
-22,95,-20,-2,9,12
-29,108,-21,1,8,12
-24,109,-19,4,7,12
15,104,6,9,7,12
-13,87,9,14,7,12
-14,83,16,17,8,12
-5,73,19,21,9,12
-48,99,32,28,10,12
-23,84,41,36,12,12
-5,98,-24,30,13,12
-41,101,-31,24,14,12
-17,91,-13,12,13,14
-19,92,-14,-1,11,14
-15,95,-21,-1,9,14
-27,100,-22,-2,7,14
-38,122,-20,5,6,14
16,85,-3,10,6,14
-32,111,9,15,6,14
-11,80,9,19,7,14
-12,77,16,19,8,14
-11,92,30,25,9,14
-29,106,49,35,11,14
10,131,-12,39,13,14
-24,86,-19,30,14,14
-15,95,-13,20,14,14
-25,87,-16,3,12,16
-19,90,-12,-5,10,16
-26,96,-16,-3,8,16
-37,116,0,2,7,16
13,87,-21,7,7,16
-24,123,0,14,7,16
-11,74,8,18,8,16
-15,79,17,20,9,16
-14,81,25,25,10,16
-31,111,41,31,12,16
3,146,-11,39,14,16
-20,74,-17,31,15,16
-6,89,-14,21,15,16
-24,93,-12,8,14,18
-12,89,-18,-6,12,18
-24,100,-23,-3,10,18
-36,107,-4,0,9,18
2,100,-21,2,8,18
-3,121,-3,10,8,18
-9,80,3,12,8,18
-15,79,13,15,8,18
-9,76,19,21,9,18
-26,111,40,27,10,18
0,114,32,35,12,18
-21,84,-25,26,13,18
-27,97,-21,19,13,18
-19,95,-12,6,12,20
-14,97,-16,-3,10,20
-15,95,-15,-1,8,20
-18,98,-16,0,7,20
1,97,-17,0,6,20
-9,100,-15,0,5,20
2,94,-8,1,4,20
-5,97,-7,2,3,20
2,96,-7,2,2,20
-2,98,-6,2,2,20
0,99,-6,2,2,20
0,98,-8,2,2,20
-4,97,-7,2,2,20
-2,97,-10,1,1,20
-4,98,-12,1,1,20
-5,97,-12,0,0,20
-2,96,-12,0,0,20
-2,97,-12,0,0,20
-3,96,-10,0,0,20
-3,99,-11,0,0,20
-3,96,-10,0,0,20
-2,96,-9,0,0,20
-3,97,-10,0,0,20
-3,98,-7,0,0,20
-4,97,-6,1,0,20
-2,99,-7,1,0,20
-4,98,-7,2,0,20
-5,102,-3,3,0,20
-7,100,0,4,0,20
-3,95,12,9,0,20
-5,96,15,15,1,20
-10,95,18,20,2,20
-12,91,24,26,4,20
-10,90,26,29,6,20
-7,93,27,32,8,20
-21,84,34,36,10,20
-14,87,47,42,13,20
-13,163,34,50,16,20
5,49,-19,42,18,20
-7,107,-16,34,19,20
-15,91,-16,18,18,22
-23,93,-10,2,16,22
-18,94,-14,0,14,22
-24,103,-18,-1,12,22
-33,132,-22,9,11,22
0,74,-19,9,10,22
-12,118,2,15,10,22
-7,86,10,18,10,22
-14,85,16,16,10,22
-6,77,21,23,11,22
-30,108,35,29,12,22
-15,130,28,34,14,22
4,47,-29,28,15,22
-19,97,-18,21,15,22
-15,100,-13,11,14,24
-24,91,-16,0,12,24
-14,93,-16,-1,10,24
-26,98,-15,-1,8,24
-34,121,-29,3,7,24
20,89,-7,10,7,24
-25,92,5,14,7,24
-5,94,15,20,8,24
-15,72,17,21,9,24
-18,92,27,25,10,24
-27,100,38,33,12,24
14,167,-4,44,15,24
-15,54,-16,36,17,24
2,97,-13,28,18,24
-25,89,-14,15,17,26
-19,93,-14,-3,15,26
-17,97,-20,-1,13,26
-21,104,-13,0,11,26
-36,119,-19,6,10,26
20,97,-4,12,10,26
-31,92,10,17,10,26
-14,81,14,21,11,26
-7,82,16,21,12,26
-20,100,28,26,13,26
-28,94,33,31,14,26
0,190,-27,49,17,26
-34,71,-14,41,19,26
4,110,-15,35,20,26
-33,86,-16,23,20,26
-14,95,-16,0,18,28
-19,96,-17,0,16,28
-37,107,-20,0,14,28
-13,112,-21,5,13,28
0,104,-3,7,12,28
-12,89,6,11,11,28
-14,80,15,15,11,28
-7,78,21,19,11,28
-25,90,32,27,12,28
-17,95,39,35,14,28
2,204,-19,56,18,28
-20,60,-38,44,20,28
2,103,-12,35,21,28
-20,93,-19,22,21,28
-13,93,-17,-5,18,30
-21,98,-15,0,16,30
-11,88,-29,-4,14,30
2,93,-24,-2,12,30
-10,95,-18,-2,10,30
0,102,-11,-1,8,30
0,88,-12,1,7,30
-3,106,-4,3,6,30
-2,97,-6,4,5,30
-5,96,-6,3,4,30
-1,95,-7,4,4,30
-2,98,-10,2,3,30
-4,97,-12,1,2,30
-6,96,-11,0,1,30
-5,95,-13,0,0,30
-15,95,-17,-1,0,30
-11,96,-7,0,0,30
-14,101,-4,0,0,30
-7,105,-3,3,0,30
-8,90,4,7,0,30
-11,106,25,15,1,30
-14,87,21,21,3,30
-6,89,15,25,5,30
-13,81,24,30,7,30
-28,106,36,33,9,30
-20,112,30,35,11,30
-2,64,-26,28,12,30
-26,115,-27,25,13,30
-14,88,-17,11,12,32
-27,94,-12,1,10,32
-14,93,-17,0,9,32
-15,99,-17,-3,7,32
-24,101,-14,0,6,32
-34,119,-20,6,6,32
11,84,-3,9,6,32
-12,98,0,11,6,32
-19,83,12,15,6,32
-6,77,21,17,7,32
-11,88,30,24,8,32
-15,97,42,35,10,32
2,140,-4,40,13,32
-25,74,-20,30,14,32
-8,99,-16,21,14,32
-20,89,-15,7,13,34
-18,93,-17,-4,11,34
-19,105,-19,0,9,34
-36,112,-11,3,8,34
16,79,-20,8,8,34
-20,125,1,16,8,34
-9,81,9,19,9,34
-16,81,12,20,10,34
-5,83,13,22,11,34
-27,108,33,25,12,34
-20,115,25,29,13,34
6,40,-38,26,14,34
-27,113,-28,24,15,34
-21,90,-17,12,14,36
-21,89,-15,2,12,36
-12,93,-18,0,10,36
-22,104,-16,-2,8,36
-36,121,-25,5,7,36
25,90,-2,13,7,36
-31,99,7,18,8,36
-5,85,7,20,9,36
-20,81,22,22,10,36
-22,87,22,23,11,36
-31,104,34,30,12,36
6,182,14,51,15,36
19,45,-12,42,17,36
12,96,-18,38,19,36
-28,90,-15,29,20,36
-12,87,-12,5,18,38
-22,97,-18,9,17,38
-29,104,-20,11,16,38
-24,120,-23,19,16,38
8,75,-3,19,16,38
-15,108,0,22,16,38
-11,82,3,20,16,38
-17,83,18,17,16,38
-6,85,18,22,16,38
-20,109,28,25,16,38
3,174,13,45,18,38
9,20,-29,34,19,38
-6,124,-24,38,20,38
-25,76,-25,27,20,38
-9,100,-19,8,18,40
-21,94,-18,15,17,40
-25,95,-17,8,16,40
-14,103,-26,15,15,40
-5,92,-17,13,14,40
0,100,-6,14,14,40
4,91,2,14,14,40
-10,85,-1,11,13,40
2,104,1,14,13,40
-5,107,-6,16,13,40
-6,95,-10,16,13,40
-7,98,-10,18,13,40
-8,97,-11,16,13,40
-12,98,-12,14,13,40
-8,96,-12,14,13,40
-10,99,-10,14,13,40
-9,97,-3,14,13,40
-11,105,17,17,13,40
-2,95,18,20,13,40
-8,87,21,24,14,40
-12,80,29,30,15,40
-19,79,31,33,16,40
-27,105,43,40,18,40
-15,133,18,45,20,40
13,55,-21,32,21,40
-18,101,-13,27,21,40
-17,91,-16,16,20,42
-21,93,-21,6,18,42
-22,91,-11,11,17,42
-21,109,-14,13,16,42
-31,109,-21,17,16,42
12,84,-4,16,16,44
-25,111,5,21,16,44
2,89,8,19,16,44
-27,66,21,20,16,44
-2,85,17,25,16,44
-21,109,40,30,17,44
-10,138,37,40,19,44
30,57,-22,33,20,44
-17,104,-21,32,21,44
-19,95,-14,23,21,44
-24,89,-14,10,19,46
-14,92,-20,12,18,46
-15,105,-12,12,17,46
-43,120,-20,18,17,46
11,91,6,20,17,46
-20,90,4,21,17,46
-5,94,19,23,17,46
-9,71,21,21,17,46
-10,90,35,28,18,46
-31,101,48,39,20,46
-12,176,-9,56,23,46
-25,73,-10,48,25,46
-3,94,-8,40,26,46
-27,90,-14,27,26,46
-15,95,-16,7,24,48
-26,96,-17,10,22,48
-22,99,-11,12,21,48
-48,116,-26,18,20,48
21,89,-6,17,19,48
-26,109,7,20,19,48
-5,88,9,20,19,48
-16,77,15,18,18,50
-7,86,20,24,18,50
-30,92,37,29,19,50
-15,126,22,35,20,50
-5,35,-43,21,20,50
-11,108,-26,20,20,52
-26,77,-16,7,18,52
-9,96,-17,0,16,52
-15,93,-15,10,15,52
-26,99,-15,8,14,52
-12,96,-22,13,13,52
-1,98,-8,13,13,52
5,96,-10,14,13,52
0,97,4,13,13,54
-10,93,5,14,13,54
-1,88,0,12,1,54
0,113,-3,15,2,54
-9,94,-7,13,3,54
-9,106,-12,14,4,54
-9,93,-17,13,4,54
-10,97,-19,9,4,54
-7,96,-10,10,4,54
-13,96,-15,7,4,54
-9,97,-14,8,4,54
-10,96,-12,8,4,54
-8,97,-13,8,4,54
-9,97,-13,8,4,54
-9,96,-13,8,4,54
-6,98,-12,9,4,54
-3,99,-10,9,4,54
-7,95,-8,9,4,54
-8,98,-10,9,4,54
-3,98,-6,9,4,54
-9,97,-5,9,4,54
-1,99,-3,10,4,54
-3,100,-1,10,4,54
-2,101,7,11,4,54
-11,102,19,13,4,54
-6,96,18,15,5,54
-8,95,22,18,6,54
-4,91,26,21,7,54
-16,84,32,24,8,54
-18,84,39,29,10,54
-15,98,45,35,12,54
-8,168,2,49,15,54
-4,68,-19,40,17,54
-3,91,-19,31,18,54
-21,94,-16,21,18,54
-24,91,-13,2,16,54
-19,93,-17,4,14,54
-25,103,-18,7,13,54
-35,120,-18,13,13,54
17,89,-8,17,13,54
-19,105,8,20,13,54
-13,80,12,19,13,54
-11,84,15,15,13,54
-14,83,26,17,13,54
-31,104,38,22,13,54
-13,128,24,29,14,54
6,45,-30,27,15,54
-9,96,-17,23,15,54
-15,98,-17,16,15,54
-25,90,-16,6,14,54
-17,91,-14,5,13,54
-23,98,-13,6,12,54
-34,125,-17,13,12,54
11,88,-11,15,12,54
-24,114,0,21,12,54
-8,81,5,20,12,54
-14,83,16,14,12,54
-12,85,22,17,12,54
-28,106,35,19,12,54
6,204,15,47,15,54
18,48,-4,48,18,54
-35,107,-18,47,20,54
-10,98,-11,41,22,54
-29,84,-9,11,20,54
-10,94,-16,7,18,54
-22,98,-18,5,16,54
-70,109,-19,8,15,54
-6,87,-14,9,14,54
-10,118,-2,15,14,54
-6,81,6,14,14,62
-17,86,22,14,14,62
-11,74,23,20,14,62
-29,108,31,20,14,62
-6,120,25,27,15,62
7,65,-25,23,15,62
-32,95,-29,19,15,62
-9,95,-14,13,14,64
-23,92,-17,6,13,64
-18,94,-15,6,12,64
-23,94,-20,5,11,64
-24,97,-17,6,10,64
-23,118,-15,12,10,64
6,87,-1,13,10,64
-5,103,2,15,10,64
-11,90,10,15,10,64
-7,88,15,11,10,64
-17,86,16,14,10,64
-21,97,31,18,10,64
-5,111,9,21,11,64
3,94,-9,19,11,64
-13,95,-16,16,11,64
-15,101,-17,12,11,64
-21,91,-15,7,10,66
-17,98,-13,8,9,66
-22,93,-18,7,8,66
-19,97,-13,6,7,66
-21,95,-19,7,7,66
-13,96,-14,7,7,66
-15,95,-14,7,7,66
-10,96,-13,7,7,66
-9,95,-16,7,7,66
-4,97,-14,7,7,66
-10,95,-11,7,7,66
-7,98,-13,8,7,66
-9,96,-10,8,7,66
-8,97,-11,8,7,66
-7,96,-10,8,7,66
-10,96,-8,8,7,66
-7,99,-10,9,7,66
-4,96,-10,8,7,66
-10,98,-8,9,7,66
-13,96,-9,9,7,66
-9,97,-8,8,7,66
-6,96,-10,8,7,66
-7,98,-8,8,7,66
-8,97,-6,9,7,66
-7,98,-6,9,7,66
-8,97,-6,9,7,66
-8,98,-5,9,7,66
-6,97,-3,9,7,66
-5,99,-2,9,7,66
-5,98,0,10,7,66
-7,97,1,9,7,66
-7,101,6,10,7,66
-16,98,12,11,7,66
-14,95,12,11,7,66
-8,97,16,13,7,66
-13,87,25,16,7,66
-11,84,24,19,8,66
-22,89,27,23,9,66
-30,96,39,28,10,66
-2,129,13,32,12,66
6,83,-11,28,13,66
-21,89,-25,22,13,66
-14,96,-12,14,13,66
-28,88,-11,4,12,68
-11,95,-17,4,11,68
-25,96,-18,5,10,68
-22,96,-13,5,9,68
-32,123,-12,14,9,68
9,93,2,15,9,68
-8,102,1,16,9,68
-7,90,9,17,9,68
-17,81,19,13,9,68
-8,83,23,16,9,68
-26,112,34,21,10,68
-12,121,15,27,11,68
-16,84,-12,21,12,68
-30,105,-22,20,12,68
-13,93,-16,12,12,70
-29,90,-14,5,11,70
-15,93,-15,7,10,70
-26,96,-18,5,9,70
-23,101,-16,7,8,70
-30,116,-13,13,8,70
3,78,-5,13,8,70
-20,116,3,18,9,70
-9,80,8,17,9,70
-10,84,14,13,9,70
-13,86,19,17,9,70
-25,106,30,17,9,70
-14,110,16,21,10,70
-10,72,-24,15,10,70
-42,91,-31,11,10,70
-13,98,-19,6,9,72
-24,93,-19,2,8,72
-19,95,-17,6,7,72
-20,94,-17,7,7,72
-30,98,-9,7,7,72
-27,119,-16,13,7,72
6,83,2,13,7,72
-22,110,9,17,8,72
-5,88,11,17,8,72
-8,81,18,14,8,72
-11,84,23,18,9,72
-28,102,34,21,10,72
-18,152,-3,34,12,72
-15,73,-6,28,13,72
-9,98,-24,25,14,72
-10,95,-14,18,14,72
-25,91,-12,3,12,74
-15,95,-12,6,11,74
-17,98,-16,6,10,74
-26,97,-22,7,9,74
-13,113,-16,12,9,74
3,86,-8,12,9,74
3,108,0,14,9,74
-10,87,6,13,9,74
-16,95,16,11,9,74
-9,95,18,15,9,74
-6,91,15,13,9,74
-7,94,17,16,9,74
-11,120,4,20,10,74
-3,95,-1,17,10,74
-24,98,-17,16,10,74
-13,97,-16,14,10,74
-23,91,-16,7,9,76
-25,98,-15,8,8,76
-13,89,-18,5,7,76
-8,96,-17,5,6,76
-11,98,-11,7,6,76
-9,98,-11,7,6,76
-8,98,-16,9,6,76
-14,97,-8,10,6,76
-14,96,-12,9,6,76
